function [QuestionsText,AnswersText, Instructions, FinalMessage] = QuestionsForVideo

% [QuestionsText,AnswersText] = QuestionsForVideo

% Instructions:
Instructions{1} = [1510 1508 1497 1497 1492 32 1489 1505 1512 1496 1493 1503 32 1493 1502 1506 1504 1492 32 1506 1500 32 1513 1488 1500 1493 1514];
Instructions{2} = [1489 1495 1500 1511 32 1494 1492 32 1497 1493 1510 1490 32 1489 1508 1504 1497 1498 32 1511 1496 1506 32 1489 1503 32 49 48 32 1491 1511 8217 32 1502 1514 1493 1498 32 1505 1512 1496 32 1496 1489 1506 46 10 1489 1502 1492 1500 1498 32 1492 1505 1512 1496 32 1497 1493 1510 1490 1493 32 1502 1506 1514 32 1500 1506 1514 32 1513 1488 1500 1493 1514 32 1492 1504 1493 1490 1506 1493 1514 32 1500 1505 1512 1496 32 1506 1510 1502 1493 46 10 1492 1505 1512 1496 32 1500 1488 32 1506 1493 1510 1512 32 1499 1513 1502 1493 1510 1490 1493 1514 32 1492 1513 1488 1500 1493 1514 32 1488 1500 1488 32 1502 1502 1513 1497 1498 32 1500 1492 1514 1504 1490 1503 10 1499 1512 1490 1497 1500 46 32 1500 1512 1513 1493 1514 1498 32 49 48 32 1513 1504 1497 1493 1514 32 1500 1506 1504 1493 1514 32 1506 1500 32 1499 1500 32 1513 1488 1500 1492 46 32 1492 1513 1488 1500 1493 1514 32 1492 1503 10 1513 1488 1500 1493 1514 32 1489 1495 1497 1512 1492 32 1502 1512 1493 1489 1492 32 40 1488 1502 1512 1497 1511 1488 1497 1493 1514 41 32 1506 1501 32 51 32 1488 1508 1513 1512 1493 1497 1493 1514 46 32 10 1489 1495 1512 47 1497 32 1488 1514 32 1492 1514 1513 1493 1489 1492 32 1492 1504 1499 1493 1504 1492 32 1493 1488 1501 32 1488 1497 1504 1498 32 1489 1496 1493 1495 47 1492 32 1504 1505 1492 47 1497 32 1500 1504 1495 1513 46 10 1500 1488 1495 1512 32 1489 1495 1497 1512 1514 32 1492 1514 1513 1493 1489 1492 32 1500 1488 32 1504 1497 1514 1503 32 1500 1513 1504 1493 1514 32 1488 1514 32 1492 1489 1495 1497 1512 1492 46 10 1492 1513 1514 1502 1513 47 1497 32 1489 1502 1511 1513 1497 32 1492 1505 1508 1512 1493 1514 32 49 44 32 50 32 1493 45 51 46 10 10 1504 1505 1492 47 1497 32 1500 1492 1514 1512 1499 1494 32 1493 1500 1506 1504 1493 1514 32 1504 1499 1493 1504 1492 32 1506 1500 32 1499 1502 1492 32 1513 1497 1493 1514 1512 32 1513 1488 1500 1493 1514 46];
Instructions{3} = [1500 1495 1509 47 1497 32 1506 1500 32 1502 1511 1513 32 1499 1500 1513 1492 1493 32 1499 1491 1497 32 1500 1492 1514 1495 1497 1500];

% Final message:
FinalMessage{1} = [1495 1500 1511 32 1494 1492 32 1492 1505 1514 1497 1497 1501];
FinalMessage{2} = [1488 1504 1488 32 1511 1512 1488 47 1497 32 1500 1504 1505 1497 1497 1503];

% questions:
QuestionsText{1} = [1499 1497 1510 1491 32 1502 1514 1493 1488 1512 1497 1501 32 1492 1513 1497 1504 1493 1497 1497 1501 32 1492 1506 1493 1504 1514 1497 1497 1501 32 1489 1492 1512 1497 32 1492 1512 1493 1511 1497 63];
QuestionsText{2} = [1488 1497 1494 1493 32 1502 1489 1497 1503 32 1492 1495 1497 1493 1514 32 1492 1489 1488 1493 1514 32 1492 1493 1508 1497 1506 1492 32 1489 1505 1512 1496 1493 1503 63];
QuestionsText{3} = [1499 1502 1492 32 1511 34 1490 32 1497 1499 1493 1500 32 1491 1489 32 1489 1493 1490 1512 32 1500 1510 1489 1493 1512 32 1500 1502 1513 1511 1500 1493 32 1489 1502 1492 1500 1498 32 1492 1511 1497 1509 32 1499 1514 1493 1510 1488 1492 32 1502 1488 1499 1497 1500 1514 32 1510 1502 1495 1497 1501 63];
QuestionsText{4} = [1506 1489 1493 1512 32 1502 1492 32 1492 1491 1493 1489 1497 1501 32 1497 1504 1493 1506 1493 32 1502 1512 1495 1511 1497 1501 32 1488 1512 1493 1499 1497 1501 32 1502 1488 1491 63];
QuestionsText{5} = [1502 1492 1497 32 1499 1502 1493 1514 32 1492 1491 1493 1489 1497 1501 32 1492 1502 1493 1506 1512 1499 1514 32 1489 1505 1489 1497 1489 1492 32 1513 1514 1493 1488 1512 1492 63];
QuestionsText{6} = [1489 1492 1512 1497 32 1492 1512 1493 1511 1497 44 32 1500 1499 1502 1492 32 1502 1506 1500 1493 1514 32 1497 1493 1512 1491 1514 32 1492 1496 1502 1508 1512 1496 1493 1512 1492 32 1489 1495 1493 1512 1507 63];
QuestionsText{7} = [1502 1502 1492 32 1504 1493 1510 1512 32 1502 1492 32 1513 1499 1493 1504 1492 32 34 1488 1489 1511 1514 32 1497 1492 1500 1493 1502 1497 1501 34 63];
QuestionsText{8} = [1502 1492 32 1513 1501 32 1492 1502 1511 1493 1501 32 1513 1489 1493 32 1492 1505 1512 1496 1493 1503 32 1502 1514 1502 1511 1491 32 1499 1506 1514 63];
QuestionsText{9} = [1502 1492 32 1490 1493 1489 1492 1493 32 1492 1502 1493 1506 1512 1498 32 1513 1500 32 1492 1492 1512 32 1492 1504 1493 1499 1495 1497 63];
QuestionsText{10} = [1502 1492 32 1492 1508 1512 1513 32 1492 1496 1502 1508 1512 1496 1493 1512 1492 32 1489 1497 1503 32 1492 1508 1505 1490 1492 32 1500 1489 1497 1503 32 1492 1505 1493 1493 1488 1504 1492 32 1513 1502 1505 1489 1497 1489 1492 63];
QuestionsText{11} = [1502 1491 1493 1506 32 1505 1493 1490 1512 1497 1501 32 1499 1512 1493 1489 1497 32 1492 1505 1489 1497 1493 1504 1497 1501 32 1488 1514 32 1492 1506 1500 1497 1501 63];
QuestionsText{12} = [1502 1497 32 1502 1489 1497 1503 32 1492 1495 1497 1493 1514 32 1492 1489 1488 1493 1514 32 1492 1493 1494 1499 1512 1492 63];
QuestionsText{13} = [1489 1502 1492 32 1502 1497 1493 1495 1491 1514 32 1502 1493 1513 1489 1514 32 1492 1508 1500 1502 1497 1504 1490 1493 32 1513 1489 1511 1496 1506 63];
QuestionsText{14} = [1488 1497 1494 1492 32 1491 1493 1490 1502 1488 32 1502 1493 1489 1488 1514 32 1499 1491 1497 32 1500 1492 1491 1490 1497 1513 32 1488 1514 32 1492 1511 1493 1512 32 1492 1506 1494 32 1492 1513 1493 1512 1512 32 1489 1500 1497 1500 1492 63];;
QuestionsText{15} = [1502 1492 32 1511 1493 1512 1492 32 1500 1508 1500 1502 1497 1504 1490 1493 32 1499 1488 1513 1512 32 1492 1488 1490 1501 32 1489 1493 32 1492 1501 32 1513 1493 1499 1504 1497 1501 32 1511 1493 1508 1488 63];

% answers:    (*the first answer is always the correct one.)
AnswersText{1}{1} = [1502 1492 1497 1512 1497 1501 32 1493 1491 1512 1502 1496 1497 1497 1501 46];
AnswersText{1}{2} = [1488 1497 1496 1497 1497 1501 32 1493 1502 1513 1514 1512 1506 1497 1501 32 1506 1500 32 1508 1504 1497 32 1495 1493 1491 1513 1497 1501 32 1512 1489 1497 1501 46];
AnswersText{1}{3} = [1488 1497 1503 32 1506 1493 1504 1493 1514 32 1489 1492 1512 1497 32 1492 1512 1493 1511 1497 46];

AnswersText{2}{1} = [1491 1489 1493 1512 1492];
AnswersText{2}{2} = [1510 1512 1506 1492];
AnswersText{2}{3} = [1494 1489 1493 1489];

AnswersText{3}{1} = [1499 45 49 56 48];
AnswersText{3}{2} = [1499 45 54 48];
AnswersText{3}{3} = [1489 1511 1497 1509 32 1492 1493 1488 32 1497 1493 1512 1497 1491 32 1499 45 54 48 32 1511 34 1490];

AnswersText{4}{1} = [1499 1491 1497 32 1500 1492 1490 1497 1506 32 1500 1506 1510 1497 1501 32 1513 1502 1514 1488 1497 1502 1497 1501 32 1489 1502 1497 1493 1495 1491 32 1500 1492 1514 1495 1499 1498 32 1489 1492 1501 46];
AnswersText{4}{2} = [1499 1491 1497 32 1500 1495 1508 1513 32 1502 1494 1493 1503 46];
AnswersText{4}{3} = [1499 1491 1497 32 1500 1492 1512 1495 1497 1489 32 1488 1514 32 1492 1496 1512 1497 1496 1493 1512 1497 1492 32 1513 1500 1492 1501 46];

AnswersText{5}{1} = [1499 45 51 48];
AnswersText{5}{2} = [1499 45 53 48];
AnswersText{5}{3} = [1499 45 54 48];

AnswersText{6}{1} = [1499 45 53 52];
AnswersText{6}{2} = [1499 45 49 54];
AnswersText{6}{3} = [1489 1495 1493 1512 1507 32 1489 1492 1512 1497 32 1492 1512 1493 1511 1497 32 1492 1496 1502 1508 1512 1496 1493 1512 1493 1514 32 1506 1493 1500 1493 1514 46];

AnswersText{7}{1} = [1502 1492 1500 1495 1493 1514 32 1489 1488 1493 1493 1497 1512 32 1513 1511 1493 1508 1488 1514 46];
AnswersText{7}{2} = [1502 1512 1505 1497 1505 1497 32 1492 1513 1500 1490 32 1489 1508 1505 1490 1514 32 1492 1492 1512 46];
AnswersText{7}{3} = [1502 1488 1489 1511 1504 1497 32 1492 1508 1512 1495 1497 1501 32 1513 1511 1493 1508 1488 1497 1501 46];

AnswersText{8}{1} = [1492 1512 32 1511 1504 1497 1492];
AnswersText{8}{2} = [1492 1512 1497 32 1492 1512 1493 1511 1497];
AnswersText{8}{3} = [1492 1512 1497 32 1492 1492 1497 1502 1488 1500 1497 1492];

AnswersText{9}{1} = [53 50 48 48 32 1502 39];
AnswersText{9}{2} = [54 55 48 48 32 1502 39];
